0.000000
0.000000
0.000000
0.000001
0.000002
0.000003
0.000005
0.000008
0.000012
0.000017
0.000023
0.000030
0.000039
0.000049
0.000060
0.000073
0.000087
0.000103
0.000120
0.000139
0.000160
0.000182
0.000206
0.000231
0.000258
0.000286
0.000316
0.000346
0.000378
0.000411
0.000445
0.000480
0.000515
0.000550
0.000586
0.000622
0.000657
0.000693
0.000727
0.000761
0.000794
0.000825
0.000855
0.000883
0.000908
0.000932
0.000953
0.000970
0.000985
0.000996
0.001003
0.001007
0.001006
0.001001
0.000990
0.000975
0.000955
0.000929
0.000897
0.000860
0.000816
0.000767
0.000711
0.000649
0.000580
0.000504
0.000422
0.000333
0.000237
0.000135
0.000026
-0.000089
-0.000211
-0.000340
-0.000475
-0.000615
-0.000762
-0.000914
-0.001071
-0.001234
-0.001401
-0.001572
-0.001747
-0.001926
-0.002108
-0.002292
-0.002479
-0.002667
-0.002856
-0.003045
-0.003234
-0.003422
-0.003609
-0.003794
-0.003976
-0.004154
-0.004328
-0.004498
-0.004661
-0.004818
-0.004968
-0.005110
-0.005243
-0.005367
-0.005481
-0.005584
-0.005675
-0.005754
-0.005820
-0.005873
-0.005911
-0.005934
-0.005941
-0.005933
-0.005908
-0.005865
-0.005805
-0.005727
-0.005631
-0.005516
-0.005381
-0.005228
-0.005054
-0.004862
-0.004649
-0.004417
-0.004165
-0.003894
-0.003603
-0.003293
-0.002964
-0.002617
-0.002251
-0.001868
-0.001468
-0.001052
-0.000620
-0.000173
0.000288
0.000762
0.001248
0.001746
0.002253
0.002769
0.003293
0.003823
0.004358
0.004897
0.005437
0.005979
0.006520
0.007058
0.007592
0.008121
0.008642
0.009154
0.009656
0.010145
0.010620
0.011079
0.011520
0.011942
0.012343
0.012722
0.013076
0.013404
0.013704
0.013975
0.014216
0.014424
0.014599
0.014739
0.014842
0.014909
0.014937
0.014925
0.014873
0.014780
0.014645
0.014467
0.014246
0.013981
0.013673
0.013321
0.012925
0.012484
0.012000
0.011473
0.010903
0.010291
0.009637
0.008943
0.008209
0.007437
0.006629
0.005784
0.004906
0.003996
0.003056
0.002088
0.001093
0.000075
-0.000964
-0.002022
-0.003097
-0.004185
-0.005283
-0.006389
-0.007500
-0.008613
-0.009724
-0.010830
-0.011928
-0.013015
-0.014087
-0.015141
-0.016173
-0.017181
-0.018160
-0.019107
-0.020020
-0.020893
-0.021725
-0.022512
-0.023251
-0.023938
-0.024572
-0.025148
-0.025664
-0.026117
-0.026506
-0.026826
-0.027077
-0.027257
-0.027362
-0.027392
-0.027345
-0.027220
-0.027015
-0.026730
-0.026365
-0.025917
-0.025389
-0.024779
-0.024087
-0.023315
-0.022464
-0.021533
-0.020525
-0.019441
-0.018283
-0.017053
-0.015754
-0.014388
-0.012957
-0.011466
-0.009917
-0.008314
-0.006661
-0.004962
-0.003221
-0.001443
0.000368
0.002207
0.004068
0.005947
0.007839
0.009737
0.011636
0.013531
0.015415
0.017283
0.019129
0.020948
0.022732
0.024476
0.026174
0.027820
0.029409
0.030934
0.032390
0.033772
0.035073
0.036289
0.037415
0.038445
0.039375
0.040201
0.040918
0.041522
0.042011
0.042379
0.042626
0.042747
0.042740
0.042604
0.042338
0.041938
0.041406
0.040741
0.039942
0.039010
0.037946
0.036751
0.035427
0.033977
0.032402
0.030707
0.028894
0.026967
0.024931
0.022791
0.020551
0.018218
0.015797
0.013295
0.010719
0.008075
0.005371
0.002615
-0.000186
-0.003022
-0.005886
-0.008769
-0.011662
-0.014555
-0.017440
-0.020307
-0.023147
-0.025949
-0.028706
-0.031406
-0.034041
-0.036602
-0.039078
-0.041461
-0.043742
-0.045912
-0.047962
-0.049884
-0.051671
-0.053314
-0.054806
-0.056140
-0.057310
-0.058310
-0.059134
-0.059777
-0.060235
-0.060503
-0.060579
-0.060459
-0.060141
-0.059624
-0.058906
-0.057989
-0.056871
-0.055554
-0.054040
-0.052331
-0.050431
-0.048343
-0.046072
-0.043623
-0.041001
-0.038215
-0.035270
-0.032175
-0.028938
-0.025569
-0.022076
-0.018470
-0.014762
-0.010964
-0.007086
-0.003141
0.000858
0.004899
0.008969
0.013053
0.017138
0.021211
0.025257
0.029262
0.033211
0.037092
0.040888
0.044587
0.048175
0.051638
0.054961
0.058133
0.061141
0.063972
0.066613
0.069055
0.071286
0.073295
0.075073
0.076612
0.077902
0.078937
0.079710
0.080215
0.080448
0.080403
0.080079
0.079474
0.078585
0.077413
0.075959
0.074225
0.072213
0.069928
0.067374
0.064558
0.061487
0.058168
0.054611
0.050825
0.046823
0.042614
0.038213
0.033633
0.028889
0.023994
0.018967
0.013822
0.008578
0.003252
-0.002138
-0.007572
-0.013032
-0.018498
-0.023949
-0.029367
-0.034731
-0.040022
-0.045217
-0.050299
-0.055247
-0.060042
-0.064663
-0.069094
-0.073314
-0.077307
-0.081055
-0.084542
-0.087752
-0.090671
-0.093284
-0.095579
-0.097544
-0.099167
-0.100440
-0.101355
-0.101903
-0.102079
-0.101878
-0.101298
-0.100337
-0.098994
-0.097270
-0.095168
-0.092693
-0.089848
-0.086643
-0.083084
-0.079182
-0.074947
-0.070394
-0.065535
-0.060386
-0.054965
-0.049287
-0.043374
-0.037244
-0.030920
-0.024423
-0.017777
-0.011005
-0.004132
0.002815
0.009812
0.016832
0.023848
0.030832
0.037758
0.044598
0.051325
0.057912
0.064331
0.070556
0.076561
0.082321
0.087810
0.093004
0.097881
0.102419
0.106595
0.110391
0.113787
0.116767
0.119315
0.121417
0.123060
0.124233
0.124928
0.125136
0.124854
0.124076
0.122802
0.121032
0.118769
0.116016
0.112781
0.109072
0.104899
0.100274
0.095213
0.089731
0.083846
0.077579
0.070952
0.063987
0.056710
0.049147
0.041327
0.033279
0.025033
0.016622
0.008077
-0.000567
-0.009276
-0.018015
-0.026749
-0.035442
-0.044057
-0.052560
-0.060913
-0.069082
-0.077030
-0.084724
-0.092129
-0.099211
-0.105940
-0.112284
-0.118213
-0.123699
-0.128715
-0.133237
-0.137241
-0.140705
-0.143612
-0.145944
-0.147685
-0.148824
-0.149351
-0.149258
-0.148541
-0.147196
-0.145224
-0.142629
-0.139415
-0.135592
-0.131169
-0.126161
-0.120585
-0.114457
-0.107802
-0.100641
-0.093002
-0.084912
-0.076403
-0.067508
-0.058261
-0.048700
-0.038861
-0.028787
-0.018517
-0.008094
0.002437
0.013033
0.023648
0.034236
0.044752
0.055148
0.065380
0.075400
0.085165
0.094629
0.103748
0.112480
0.120784
0.128619
0.135948
0.142734
0.148944
0.154545
0.159507
0.163805
0.167412
0.170309
0.172476
0.173898
0.174563
0.174461
0.173588
0.171940
0.169520
0.166331
0.162382
0.157685
0.152254
0.146109
0.139270
0.131764
0.123619
0.114866
0.105540
0.095678
0.085322
0.074513
0.063297
0.051722
0.039838
0.027696
0.015348
0.002851
-0.009742
-0.022372
-0.034983
-0.047517
-0.059915
-0.072121
-0.084077
-0.095726
-0.107013
-0.117881
-0.128280
-0.138156
-0.147461
-0.156147
-0.164169
-0.171486
-0.178058
-0.183849
-0.188826
-0.192960
-0.196226
-0.198601
-0.200069
-0.200615
-0.200231
-0.198911
-0.196654
-0.193464
-0.189349
-0.184322
-0.178399
-0.171602
-0.163957
-0.155494
-0.146246
-0.136251
-0.125552
-0.114194
-0.102227
-0.089702
-0.076675
-0.063204
-0.049352
-0.035180
-0.020755
-0.006143
0.008586
0.023363
0.038118
0.052779
0.067275
0.081535
0.095489
0.109067
0.122202
0.134825
0.146873
0.158283
0.168996
0.178954
0.188103
0.196393
0.203779
0.210217
0.215670
0.220103
0.223489
0.225803
0.227026
0.227145
0.226152
0.224043
0.220823
0.216497
0.211082
0.204594
0.197061
0.188511
0.178980
0.168508
0.157142
0.144931
0.131931
0.118202
0.103806
0.088811
0.073288
0.057311
0.040957
0.024306
0.007440
-0.009559
-0.026605
-0.043614
-0.060498
-0.077172
-0.093551
-0.109548
-0.125082
-0.140069
-0.154430
-0.168089
-0.180970
-0.193003
-0.204121
-0.214262
-0.223367
-0.231382
-0.238260
-0.243957
-0.248437
-0.251669
-0.253628
-0.254296
-0.253660
-0.251716
-0.248464
-0.243914
-0.238081
-0.230986
-0.222658
-0.213133
-0.202451
-0.190662
-0.177819
-0.163983
-0.149219
-0.133599
-0.117199
-0.100100
-0.082387
-0.064149
-0.045479
-0.026471
-0.007224
0.012162
0.031586
0.050945
0.070138
0.089061
0.107612
0.125690
0.143198
0.160037
0.176115
0.191340
0.205628
0.218894
0.231063
0.242062
0.251825
0.260292
0.267410
0.273133
0.277420
0.280239
0.281568
0.281388
0.279693
0.276481
0.271761
0.265550
0.257871
0.248758
0.238250
0.226398
0.213257
0.198890
0.183370
0.166773
0.149184
0.130692
0.111395
0.091392
0.070789
0.049697
0.028227
0.006495
-0.015379
-0.037276
-0.059076
-0.080658
-0.101900
-0.122683
-0.142889
-0.162403
-0.181111
-0.198906
-0.215683
-0.231341
-0.245788
-0.258936
-0.270702
-0.281014
-0.289805
-0.297017
-0.302600
-0.306513
-0.308725
-0.309212
-0.307963
-0.304974
-0.300252
-0.293814
-0.285686
-0.275904
-0.264515
-0.251573
-0.237144
-0.221300
-0.204124
-0.185706
-0.166144
-0.145544
-0.124016
-0.101679
-0.078657
-0.055077
-0.031071
-0.006776
0.017672
0.042131
0.066462
0.090522
0.114172
0.137273
0.159687
0.181282
0.201927
0.221496
0.239871
0.256938
0.272590
0.286729
0.299262
0.310108
0.319194
0.326458
0.331846
0.335317
0.336839
0.336393
0.333971
0.329576
0.323223
0.314938
0.304761
0.292740
0.278937
0.263423
0.246282
0.227606
0.207498
0.186069
0.163439
0.139738
0.115100
0.089667
0.063588
0.037014
0.010102
-0.016989
-0.044097
-0.071059
-0.097712
-0.123896
-0.149448
-0.174213
-0.198036
-0.220768
-0.242266
-0.262394
-0.281022
-0.298030
-0.313304
-0.326745
-0.338259
-0.347766
-0.355199
-0.360501
-0.363628
-0.364549
-0.363248
-0.359721
-0.353977
-0.346040
-0.335948
-0.323751
-0.309514
-0.293313
-0.275237
-0.255390
-0.233884
-0.210843
-0.186403
-0.160707
-0.133908
-0.106167
-0.077652
-0.048536
-0.018997
0.010784
0.040620
0.070328
0.099719
0.128609
0.156814
0.184153
0.210452
0.235539
0.259250
0.281430
0.301930
0.320613
0.337352
0.352031
0.364548
0.374811
0.382744
0.388286
0.391390
0.392022
0.390167
0.385825
0.379010
0.369753
0.358102
0.344118
0.327880
0.309481
0.289028
0.266641
0.242455
0.216616
0.189283
0.160625
0.130818
0.100050
0.068516
0.036414
0.003951
-0.028666
-0.061225
-0.093516
-0.125327
-0.156448
-0.186675
-0.215805
-0.243644
-0.270003
-0.294703
-0.317575
-0.338459
-0.357210
-0.373694
-0.387793
-0.399401
-0.408430
-0.414809
-0.418483
-0.419415
-0.417585
-0.412992
-0.405654
-0.395606
-0.382901
-0.367611
-0.349826
-0.329651
-0.307210
-0.282640
-0.256097
-0.227747
-0.197772
-0.166363
-0.133725
-0.100069
-0.065618
-0.030597
0.004760
0.040217
0.075536
0.110479
0.144809
0.178291
0.210694
0.241796
0.271379
0.299237
0.325171
0.348998
0.370546
0.389658
0.406192
0.420024
0.431048
0.439175
0.444336
0.446483
0.445587
0.441639
0.434654
0.424665
0.411728
0.395917
0.377328
0.356076
0.332297
0.306142
0.277781
0.247401
0.215202
0.181399
0.146219
0.109900
0.072690
0.034841
-0.003384
-0.041721
-0.079905
-0.117667
-0.154743
-0.190869
-0.225790
-0.259254
-0.291023
-0.320863
-0.348559
-0.373905
-0.396713
-0.416812
-0.434046
-0.448283
-0.459409
-0.467330
-0.471978
-0.473304
-0.471284
-0.465920
-0.457232
-0.445270
-0.430103
-0.411826
-0.390555
-0.366429
-0.339607
-0.310270
-0.278616
-0.244861
-0.209239
-0.171997
-0.133395
-0.093704
-0.053206
-0.012187
0.029059
0.070235
0.111044
0.151189
0.190379
0.228324
0.264745
0.299372
0.331945
0.362220
0.389965
0.414970
0.437039
0.456000
0.471702
0.484015
0.492836
0.498084
0.499708
0.497679
0.491997
0.482688
0.469805
0.453429
0.433665
0.410644
0.384522
0.355480
0.323720
0.289465
0.252958
0.214460
0.174249
0.132616
0.089863
0.046304
0.002261
-0.041942
-0.085976
-0.129510
-0.172219
-0.213779
-0.253876
-0.292201
-0.328463
-0.362379
-0.393686
-0.422137
-0.447508
-0.469595
-0.488217
-0.503221
-0.514478
-0.521889
-0.525381
-0.524912
-0.520470
-0.512072
-0.499766
-0.483630
-0.463771
-0.440325
-0.413456
-0.383355
-0.350239
-0.314348
-0.275946
-0.235316
-0.192760
-0.148596
-0.103158
-0.056788
-0.009839
0.037331
0.084359
0.130883
0.176541
0.220979
0.263849
0.304812
0.343545
0.379739
0.413103
0.443367
0.470285
0.493634
0.513219
0.528871
0.540456
0.547865
0.551025
0.549894
0.544465
0.534764
0.520849
0.502815
0.480785
0.454917
0.425401
0.392454
0.356322
0.317277
0.275617
0.231659
0.185743
0.138223
0.089471
0.039866
-0.010201
-0.060335
-0.110137
-0.159211
-0.207164
-0.253610
-0.298172
-0.340489
-0.380214
-0.417020
-0.450601
-0.480677
-0.506994
-0.529327
-0.547481
-0.561294
-0.570641
-0.575427
-0.575599
-0.571137
-0.562060
-0.548424
-0.530322
-0.507884
-0.481275
-0.450695
-0.416377
-0.378587
-0.337617
-0.293788
-0.247448
-0.198964
-0.148722
-0.097127
-0.044594
0.008452
0.061577
0.114349
0.166333
0.217100
0.266230
0.313313
0.357955
0.399780
0.438433
0.473584
0.504931
0.532201
0.555154
0.573585
0.587325
0.596243
0.600248
0.599289
0.593355
0.582479
0.566733
0.546230
0.521125
0.491609
0.457915
0.420307
0.379086
0.334584
0.287163
0.237208
0.185130
0.131359
0.076340
0.020531
-0.035601
-0.091585
-0.146947
-0.201220
-0.253940
-0.304657
-0.352935
-0.398356
-0.440527
-0.479077
-0.513668
-0.543991
-0.569774
-0.590782
-0.606819
-0.617731
-0.623407
-0.623782
-0.618832
-0.608582
-0.593101
-0.572504
-0.546950
-0.516640
-0.481819
-0.442769
-0.399813
-0.353306
-0.303638
-0.251224
-0.196509
-0.139956
-0.082048
-0.023282
0.035838
0.094799
0.153090
0.210203
0.265638
0.318907
0.369540
0.417086
0.461122
0.501250
0.537108
0.568368
0.594741
0.615981
0.631882
0.642289
0.647092
0.646229
0.639690
0.627512
0.609785
0.586645
0.558280
0.524920
0.486846
0.444376
0.397873
0.347735
0.294394
0.238311
0.179976
0.119900
0.058610
-0.003352
-0.065437
-0.127092
-0.187766
-0.246914
-0.304004
-0.358517
-0.409958
-0.457856
-0.501770
-0.541294
-0.576059
-0.605736
-0.630043
-0.648743
-0.661650
-0.668629
-0.669598
-0.664528
-0.653445
-0.636432
-0.613622
-0.585203
-0.551416
-0.512549
-0.468938
-0.420966
-0.369054
-0.313662
-0.255283
-0.194440
-0.131680
-0.067571
-0.002692
0.062363
0.127002
0.190630
0.252661
0.312521
0.369653
0.423524
0.473628
0.519493
0.560682
0.596801
0.627501
0.652481
0.671493
0.684343
0.690891
0.691059
0.684824
0.672224
0.653357
0.628378
0.597502
0.560996
0.519183
0.472438
0.421181
0.365876
0.307028
0.245177
0.180892
0.114767
0.047418
-0.020528
-0.088435
-0.155664
-0.221582
-0.285563
-0.346999
-0.405303
-0.459915
-0.510309
-0.555996
-0.596530
-0.631510
-0.660590
-0.683475
-0.699929
-0.709778
-0.712908
-0.709268
-0.698873
-0.681802
-0.658198
-0.628266
-0.592272
-0.550544
-0.503462
-0.451462
-0.395027
-0.334684
-0.271001
-0.204579
-0.136049
-0.066062
0.004711
0.075591
0.145896
0.214946
0.282071
0.346616
0.407950
0.465469
0.518606
0.566834
0.609669
0.646680
0.677491
0.701784
0.719304
0.729861
0.733331
0.729660
0.718864
0.701026
0.676302
0.644912
0.607146
0.563354
0.513950
0.459401
0.400228
0.337001
0.270328
0.200858
0.129265
0.056250
-0.017471
-0.091172
-0.164124
-0.235603
-0.304900
-0.371319
-0.434196
-0.492896
-0.546824
-0.595432
-0.638221
-0.674748
-0.704633
-0.727559
-0.743277
-0.751611
-0.752456
-0.745784
-0.731639
-0.710143
-0.681490
-0.645949
-0.603856
-0.555616
-0.501698
-0.442626
-0.378983
-0.311397
-0.240538
-0.167111
-0.091853
-0.015517
0.061126
0.137302
0.212238
0.285171
0.355356
0.422072
0.484632
0.542389
0.594742
0.641142
0.681102
0.714195
0.740066
0.758430
0.769079
0.771884
0.766795
0.753842
0.733138
0.704873
0.669318
0.626819
0.577794
0.522730
0.462178
0.396748
0.327102
0.253948
0.178032
0.100132
0.021048
-0.058403
-0.137399
-0.215119
-0.290754
-0.363512
-0.432629
-0.497377
-0.557070
-0.611072
-0.658806
-0.699757
-0.733480
-0.759604
-0.777834
-0.787960
-0.789855
-0.783478
-0.768872
-0.746172
-0.715593
-0.677438
-0.632088
-0.580001
-0.521710
-0.457812
-0.388969
-0.315893
-0.239348
-0.160132
-0.079079
0.002958
0.085112
0.166512
0.246291
0.323598
0.397604
0.467513
0.532571
0.592072
0.645367
0.691872
0.731072
0.762531
0.785892
0.800884
0.807327
0.805129
0.794292
0.774911
0.747173
0.711354
0.667822
0.617024
0.559489
0.495823
0.426696
0.352842
0.275048
0.194144
0.110999
0.026508
-0.058416
-0.142852
-0.225884
-0.306605
-0.384132
-0.457613
-0.526239
-0.589249
-0.645943
-0.695687
-0.737920
-0.772162
-0.798019
-0.815188
-0.823460
-0.822722
-0.812960
-0.794261
-0.766806
-0.730878
-0.686852
-0.635191
-0.576448
-0.511253
-0.440309
-0.364387
-0.284314
-0.200964
-0.115254
-0.028125
0.059458
0.146527
0.232112
0.315261
0.395042
0.470561
0.540967
0.605462
0.663315
0.713863
0.756526
0.790808
0.816305
0.832713
0.839826
0.837542
0.825866
0.804905
0.774874
0.736090
0.688967
0.634018
0.571842
0.503124
0.428623
0.349168
0.265644
0.178987
0.090168
0.000189
-0.089933
-0.179178
-0.266530
-0.350994
-0.431603
-0.507431
-0.577606
-0.641315
-0.697818
-0.746453
-0.786649
-0.817925
-0.839906
-0.852319
-0.854999
-0.847895
-0.831065
-0.804680
-0.769023
-0.724481
-0.671546
-0.610810
-0.542952
-0.468740
-0.389014
-0.304681
-0.216706
-0.126095
-0.033891
0.058843
0.151035
0.241615
0.329531
0.413755
0.493302
0.567237
0.634688
0.694857
0.747027
0.790571
0.824964
0.849785
0.864722
0.869579
0.864278
0.848859
0.823479
0.788415
0.744058
0.690906
0.629567
0.560742
0.485225
0.403890
0.317683
0.227610
0.134724
0.040115
-0.055103
-0.149805
-0.242870
-0.333194
-0.419700
-0.501356
-0.577182
-0.646265
-0.707772
-0.760955
-0.805164
-0.839853
-0.864588
-0.879056
-0.883060
-0.876532
-0.859527
-0.832226
-0.794936
-0.748080
-0.692200
-0.627948
-0.556077
-0.477433
-0.392948
-0.303625
-0.210528
-0.114771
-0.017501
0.080112
0.176891
0.271665
0.363287
0.450641
0.532662
0.608346
0.676764
0.737071
0.788518
0.830464
0.862379
0.883854
0.894608
0.894487
0.883472
0.861674
0.829337
0.786836
0.734668
0.673452
0.603920
0.526905
0.443336
0.354224
0.260653
0.163761
0.064732
-0.035220
-0.134868
-0.232983
-0.328355
-0.419802
-0.506188
-0.586437
-0.659544
-0.724593
-0.780763
-0.827340
-0.863729
-0.889458
-0.904189
-0.907716
-0.899974
-0.881036
-0.851118
-0.810569
-0.759875
-0.699647
-0.630619
-0.553635
-0.469642
-0.379676
-0.284851
-0.186344
-0.085383
0.016772
0.118841
0.219543
0.317610
0.411806
0.500936
0.583871
0.659554
0.727016
0.785392
0.833927
0.871990
0.899080
0.914833
0.919030
0.911594
0.892599
0.862263
0.820951
0.769167
0.707548
0.636862
0.557989
0.471920
0.379738
0.282607
0.181758
0.078471
-0.025939
-0.130137
-0.232791
-0.332582
-0.428228
-0.518494
-0.602212
-0.678296
-0.745753
-0.803700
-0.851375
-0.888146
-0.913518
-0.927145
-0.928828
-0.918525
-0.896347
-0.862559
-0.817578
-0.761965
-0.696423
-0.621782
-0.538995
-0.449122
-0.353318
-0.252817
-0.148917
-0.042967
0.063660
0.169573
0.273390
0.373754
0.469346
0.558909
0.641262
0.715314
0.780081
0.834697
0.878430
0.910685
0.931020
0.939147
0.934937
0.918425
0.889806
0.849437
0.797829
0.735644
0.663684
0.582884
0.494297
0.399080
0.298482
0.193828
0.086497
-0.022092
-0.130500
-0.237286
-0.341029
-0.440344
-0.533902
-0.620446
-0.698812
-0.767941
-0.826896
-0.874871
-0.911207
-0.935400
-0.947104
-0.946143
-0.932508
-0.906360
-0.868031
-0.818013
-0.756960
-0.685673
-0.605096
-0.516296
-0.420457
-0.318859
-0.212862
-0.103889
0.006591
0.117090
0.226113
0.332182
0.433856
0.529750
0.618555
0.699054
0.770141
0.830835
0.880294
0.917828
0.942905
0.955164
0.954419
0.940657
0.914046
0.874929
0.823821
0.761401
0.688506
0.606117
0.515347
0.417430
0.313696
0.205562
0.094504
-0.017953
-0.130266
-0.240888
-0.348292
-0.450993
-0.547566
-0.636671
-0.717063
-0.787618
-0.847347
-0.895404
-0.931107
-0.953941
-0.963571
-0.959842
-0.942785
-0.912618
-0.869739
-0.814725
-0.748325
-0.671445
-0.585140
-0.490602
-0.389136
-0.282148
-0.171128
-0.057619
0.056792
0.170505
0.281926
0.389489
0.491678
0.587052
0.674260
0.752064
0.819356
0.875172
0.918710
0.949338
0.966604
0.970246
0.960191
0.936562
0.899673
0.850026
0.788306
0.715369
0.632233
0.540063
0.440154
0.333914
0.222844
0.108516
-0.007446
-0.123395
-0.237677
-0.348660
-0.454756
-0.554443
-0.646288
-0.728965
-0.801281
-0.862183
-0.910785
-0.946371
-0.968412
-0.976575
-0.970720
-0.950914
-0.917420
-0.870703
-0.811415
-0.740394
-0.658647
-0.567339
-0.467774
-0.361379
-0.249683
-0.134293
-0.016876
0.100873
0.217246
0.330555
0.439151
0.541450
0.635958
0.721290
0.796193
0.859562
0.910457
0.948121
0.971986
0.981685
0.977058
0.958152
0.925225
0.878740
0.819360
0.747937
0.665502
0.573249
0.472520
0.364782
0.251611
0.134663
0.015654
-0.103667
-0.221540
-0.336228
-0.446033
-0.549328
-0.644579
-0.730367
-0.805411
-0.868586
-0.918942
-0.955716
-0.978345
-0.986474
-0.979965
-0.958896
-0.923560
-0.874466
-0.812325
-0.738049
-0.652727
-0.557619
-0.454130
-0.343797
-0.228258
-0.109234
0.011497
0.132132
0.250862
0.365907
0.475535
0.578095
0.672038
0.755941
0.828531
0.888702
0.935531
0.968298
0.986491
0.989817
0.978209
0.951823
0.911040
0.856459
0.788890
0.709339
0.618997
0.519220
0.411512
0.297496
0.178898
0.057513
-0.064815
-0.186226
-0.304870
-0.418937
-0.526683
-0.626455
-0.716722
-0.796094
-0.863345
-0.917431
-0.957511
-0.982953
-0.993352
-0.988529
-0.968542
-0.933679
-0.884458
-0.821620
-0.746116
-0.659091
-0.561874
-0.455950
-0.342942
-0.224587
-0.102704
0.020829
0.144102
0.265210
0.382277
0.493484
0.597103
0.691517
0.775253
0.846998
0.905625
0.950207
0.980037
0.994632
0.993750
0.977386
0.945779
0.899405
0.838971
0.765407
0.679847
0.583617
0.478210
0.365267
0.246550
0.123912
-0.000725
-0.125408
-0.248178
-0.367105
-0.480314
-0.586016
-0.682541
-0.768357
-0.842101
-0.902595
-0.948872
-0.980186
-0.996026
-0.996124
-0.980464
-0.949276
-0.903039
-0.842469
-0.768513
-0.682331
-0.585278
-0.478885
-0.364835
-0.244934
-0.121085
0.004743
0.130547
0.254319
0.374083
0.487922
0.594012
0.690647
0.776273
0.849508
0.909167
0.954279
0.984107
0.998157
0.996187
0.978214
0.944511
0.895603
0.832264
0.755499
0.666533
0.566788
0.457862
0.341507
0.219593
0.094087
-0.032986
-0.159569
-0.283613
-0.403106
-0.516105
-0.620771
-0.715397
-0.798437
-0.868530
-0.924523
-0.965493
-0.990758
-0.999891
-0.992730
-0.969375
-0.930192
-0.875808
-0.807095
-0.725166
-0.631348
-0.527166
-0.414317
-0.294643
-0.170101
-0.042730
0.085382
0.212128
0.335426
0.453243
0.563635
0.664777
0.754994
0.832789
0.896866
0.946157
0.979833
0.997325
0.998328
0.982811
0.951018
0.903460
0.840913
0.764400
0.675181
0.574725
0.464693
0.346907
0.223318
0.095981
-0.032986
-0.161436
-0.287226
-0.408253
-0.522493
-0.628031
-0.723096
-0.806088
-0.875609
-0.930481
-0.969775
-0.992818
-0.999209
-0.988829
-0.961837
-0.918674
-0.860052
-0.786946
-0.700575
-0.602383
-0.494016
-0.377294
-0.254181
-0.126751
0.002846
0.132421
0.259781
0.382769
0.499297
0.607385
0.705194
0.791056
0.863503
0.921295
0.963437
0.989201
0.998135
0.990075
0.965145
0.923757
0.866605
0.794652
0.709116
0.611449
0.503312
0.386547
0.263147
0.135221
0.004959
-0.125408
-0.253642
-0.377539
-0.494968
-0.603904
-0.702469
-0.788958
-0.861872
-0.919946
-0.962168
-0.987797
-0.996379
-0.987755
-0.962060
-0.919728
-0.861478
-0.788309
-0.701478
-0.602479
-0.493022
-0.374998
-0.250452
-0.121542
0.009492
0.140375
0.268826
0.392609
0.509562
0.617642
0.714957
0.799802
0.870686
0.926361
0.965844
0.988432
0.993720
0.981604
0.952284
0.906263
0.844338
0.767587
0.677347
0.575197
0.462926
0.342502
0.216042
0.085770
-0.046020
-0.177005
-0.304871
-0.427359
-0.542301
-0.647659
-0.741565
-0.822348
-0.888571
-0.939050
-0.972880
-0.989452
-0.988461
-0.969913
-0.934129
-0.881734
-0.813650
-0.731080
-0.635488
-0.528569
-0.412223
-0.288522
-0.159669
-0.027964
0.104240
0.234579
0.360719
0.480398
0.591470
0.691937
0.779991
0.854045
0.912762
0.955077
0.980221
0.987731
0.977464
0.949594
0.904614
0.843325
0.766826
0.676488
0.573936
0.461016
0.339767
0.212376
0.081147
-0.051544
-0.183294
-0.311712
-0.434468
-0.549328
-0.654202
-0.747179
-0.826562
-0.890899
-0.939012
-0.970015
-0.983335
-0.978720
-0.956246
-0.916314
-0.859646
-0.787269
-0.700499
-0.600918
-0.490344
-0.370796
-0.244463
-0.113658
0.019218
0.151728
0.281436
0.405956
0.522995
0.630395
0.726173
0.808560
0.876030
0.927332
0.961511
0.977929
0.976275
0.956571
0.919173
0.864767
0.794353
0.709229
0.610967
0.501384
0.382510
0.256550
0.125841
-0.007187
-0.140062
-0.270308
-0.395499
-0.513299
-0.621509
-0.718105
-0.801280
-0.869474
-0.921408
-0.956102
-0.972902
-0.971485
-0.951873
-0.914424
-0.859834
-0.789122
-0.703609
-0.604896
-0.494834
-0.375487
-0.249099
-0.118047
0.015202
0.148138
0.278252
0.403089
0.520290
0.627637
0.723099
0.804866
0.871385
0.921392
0.953934
0.968388
0.964475
0.942261
0.902164
0.844938
0.771666
0.683737
0.582819
0.470829
0.349899
0.222328
0.090550
-0.042922
-0.175542
-0.304773
-0.428147
-0.543300
-0.648027
-0.740319
-0.818405
-0.880784
-0.926255
-0.953941
-0.963304
-0.954160
-0.926680
-0.881387
-0.819147
-0.741154
-0.648908
-0.544181
-0.428991
-0.305558
-0.176262
-0.043601
0.089863
0.221549
0.348908
0.469472
0.580905
0.681045
0.767946
0.839920
0.895565
0.933796
0.953867
0.955383
0.938311
0.902977
0.850068
0.780609
0.695953
0.597747
0.487906
0.368573
0.242079
0.110895
-0.022412
-0.155233
-0.284967
-0.409070
-0.525107
-0.630801
-0.724075
-0.803093
-0.866301
-0.912453
-0.940638
-0.950298
-0.941238
-0.913636
-0.868031
-0.805320
-0.726739
-0.633837
-0.528447
-0.412651
-0.288738
-0.159160
-0.026483
0.106667
0.237648
0.363862
0.482803
0.592108
0.689605
0.773353
0.841684
0.893237
0.926983
0.942247
0.938723
0.916479
0.875956
0.817961
0.743652
0.654512
0.552321
0.439125
0.317187
0.188950
0.056983
-0.076066
-0.207529
-0.334766
-0.455221
-0.566472
-0.666282
-0.752640
-0.823808
-0.878350
-0.915166
-0.933514
-0.933020
-0.913694
-0.875925
-0.820475
-0.748465
-0.661349
-0.560890
-0.449123
-0.328311
-0.200904
-0.069485
0.063278
0.194690
0.322080
0.442859
0.554569
0.654937
0.741919
0.813742
0.868942
0.906393
0.925330
0.925366
0.906500
0.869118
0.813984
0.742226
0.655312
0.555024
0.443416
0.322776
0.195582
0.064442
-0.067949
-0.198871
-0.325631
-0.445623
-0.556376
-0.655610
-0.741281
-0.811622
-0.865183
-0.900860
-0.917915
-0.915998
-0.895149
-0.855799
-0.798765
-0.725227
-0.636709
-0.535048
-0.422352
-0.300960
-0.173392
-0.042300
0.089592
0.219542
0.344846
0.462897
0.571236
0.667606
0.749999
0.816697
0.866310
0.897803
0.910518
0.904193
0.878962
0.835353
0.774283
0.697031
0.605220
0.500775
0.385891
0.262980
0.134625
0.003523
-0.127567
-0.255887
-0.378738
-0.493532
-0.597850
-0.689496
-0.766537
-0.827349
-0.870650
-0.895528
-0.901460
-0.888322
-0.856395
-0.806359
-0.739275
-0.656570
-0.559998
-0.451611
-0.333713
-0.208809
-0.079554
0.051301
0.180974
0.306703
0.425811
0.535763
0.634215
0.719070
0.788518
0.841080
0.875636
0.891451
0.888190
0.865927
0.825142
0.766713
0.691896
0.602297
0.499844
0.386737
0.265410
0.138469
0.008647
-0.121263
-0.248466
-0.370223
-0.483911
-0.587082
-0.677513
-0.753255
-0.812677
-0.854499
-0.877822
-0.882144
-0.867379
-0.833850
-0.782288
-0.713815
-0.629920
-0.532428
-0.423458
-0.305380
-0.180760
-0.052312
0.077172
0.204873
0.328010
0.443903
0.550027
0.644072
0.723989
0.788038
0.834823
0.863329
0.872937
0.863442
0.835059
0.788415
0.724538
0.644832
0.551052
0.445259
0.329781
0.207157
0.080084
-0.048641
-0.176187
-0.299745
-0.416596
-0.524168
-0.620091
-0.702254
-0.768849
-0.818410
-0.849848
-0.862476
-0.856019
-0.830629
-0.786873
-0.725729
-0.648556
-0.557073
-0.453314
-0.339587
-0.218422
-0.092513
0.035339
0.162290
0.285514
0.402270
0.509959
0.606185
0.688805
0.755983
0.806225
0.838416
0.851844
0.846215
0.821665
0.778750
0.718440
0.642091
0.551423
0.448476
0.335564
0.215226
0.090169
-0.036796
-0.162811
-0.285044
-0.400744
-0.507309
-0.602342
-0.683707
-0.749573
-0.798462
-0.829279
-0.841335
-0.834366
-0.808539
-0.764448
-0.703098
-0.625888
-0.534574
-0.431234
-0.318216
-0.198091
-0.073589
0.052459
0.177188
0.297762
0.411440
0.515638
0.607988
0.686391
0.749067
0.794595
0.821944
0.830499
0.820075
0.790920
0.743710
0.679536
0.599874
0.506558
0.401734
0.287810
0.167405
0.043286
-0.081696
-0.204668
-0.322806
-0.433396
-0.533897
-0.622001
-0.695686
-0.753264
-0.793414
-0.815222
-0.818194
-0.802272
-0.767836
-0.715692
-0.647055
-0.563525
-0.467044
-0.359852
-0.244441
-0.123492
0.000188
0.123726
0.244254
0.358974
0.465222
0.560535
0.642699
0.709812
0.760320
0.793056
0.807268
0.802636
0.779280
0.737758
0.679051
0.604541
0.515983
0.415456
0.305322
0.188165
0.066735
-0.056117
-0.177510
-0.294597
-0.404630
-0.505030
-0.593445
-0.667802
-0.726362
-0.767759
-0.791028
-0.795634
-0.781481
-0.748915
-0.698719
-0.632088
-0.550609
-0.456218
-0.351154
-0.237912
-0.119177
0.002236
0.123448
0.241586
0.353851
0.457583
0.550327
0.629887
0.694382
0.742291
0.772486
0.784261
0.777350
0.751932
0.708625
0.648477
0.572934
0.483812
0.383248
0.273656
0.157661
0.038043
-0.082334
-0.200586
-0.313883
-0.419514
-0.514952
-0.597915
-0.666422
-0.718840
-0.753922
-0.770839
-0.769197
-0.749053
-0.710904
-0.655685
-0.584740
-0.499793
-0.402903
-0.296418
-0.182918
-0.065149
0.054038
0.171760
0.285171
0.391529
0.488264
0.573042
0.643816
0.698883
0.736919
0.757016
0.758701
0.741949
0.707183
0.655264
0.587470
0.505467
0.411263
0.307166
0.195722
0.079658
-0.038191
-0.154944
-0.267751
-0.373856
-0.470671
-0.555836
-0.627276
-0.683254
-0.722412
-0.743805
-0.746924
-0.731711
-0.698555
-0.648287
-0.582159
-0.501811
-0.409233
-0.306715
-0.196792
-0.082177
0.034298
0.149760
0.261361
0.366350
0.462139
0.546371
0.616974
0.672216
0.710743
0.731618
0.734342
0.718864
0.685585
0.635350
0.569421
0.489451
0.397440
0.295688
0.186734
0.073297
-0.041795
-0.155675
-0.265505
-0.368553
-0.462255
-0.544282
-0.612598
-0.665511
-0.701715
-0.720321
-0.720882
-0.703402
-0.668339
-0.616589
-0.549465
-0.468668
-0.376238
-0.274508
-0.166042
-0.053572
0.060070
0.172025
0.279478
0.379730
0.470262
0.548805
0.613390
0.662405
0.694630
0.709268
0.705970
0.684838
0.646427
0.591726
0.522138
0.439442
0.345747
0.243439
0.135123
0.023553
-0.088435
-0.197998
-0.302354
-0.398858
-0.485063
-0.558788
-0.618170
-0.661715
-0.688330
-0.697356
-0.688584
-0.662258
-0.619069
-0.560142
-0.487000
-0.401528
-0.305929
-0.202661
-0.094375
0.016148
0.126073
0.232582
0.332948
0.424601
0.505199
0.572685
0.625340
0.661828
0.681230
0.683066
0.667312
0.634393
0.585181
0.520963
0.443415
0.354556
0.256693
0.152366
0.044281
-0.064764
-0.171944
-0.274489
-0.369747
-0.455261
-0.528824
-0.588545
-0.632891
-0.660730
-0.671360
-0.664528
-0.640432
-0.599721
-0.543478
-0.473185
-0.390691
-0.298163
-0.198026
-0.092903
0.014459
0.121251
0.224685
0.322062
0.410843
0.488719
0.553665
0.603996
0.638416
0.656041
0.656433
0.639604
0.606019
0.556583
0.492616
0.415818
0.328227
0.232162
0.130163
0.024924
-0.080778
-0.184155
-0.282484
-0.373179
-0.453855
-0.522396
-0.577007
-0.616265
-0.639152
-0.645085
-0.633932
-0.606012
-0.562088
-0.503347
-0.431368
-0.348079
-0.255709
-0.156723
-0.053761
0.050434
0.153089
0.251475
0.342977
0.425169
0.495875
0.553225
0.595709
0.622216
0.632061
0.625005
0.601262
0.561490
0.506779
0.438613
0.358837
0.269607
0.173327
0.072589
-0.029897
-0.131380
-0.229135
-0.320542
-0.403155
-0.474764
-0.533461
-0.577686
-0.606269
-0.618465
-0.613971
-0.592931
-0.555941
-0.504022
-0.438599
-0.361461
-0.274711
-0.180709
-0.082009
0.018710
0.118717
0.215305
0.305861
0.387939
0.459326
0.518101
0.562689
0.591900
0.604966
0.601555
0.581789
0.546230
0.495873
0.432113
0.356710
0.271738
0.179530
0.082617
-0.016350
-0.114662
-0.209634
-0.298675
-0.379358
-0.449488
-0.507163
-0.550823
-0.579296
-0.591824
-0.588092
-0.568229
-0.532806
-0.482824
-0.419680
-0.345132
-0.261251
-0.170361
-0.074977
0.022267
0.118686
0.211624
0.298523
0.376995
0.444887
0.500342
0.541849
0.568284
0.578942
0.573555
0.552301
0.515795
0.465076
0.401575
0.327076
0.243665
0.153675
0.059617
-0.035889
-0.130183
-0.220646
-0.304767
-0.380213
-0.444901
-0.497045
-0.535215
-0.558370
-0.565893
-0.557600
-0.533752
-0.495044
-0.442584
-0.377865
-0.302721
-0.219274
-0.129877
-0.037046
0.056611
0.148464
0.235940
0.316591
0.388164
0.448664
0.496413
0.530089
0.548773
0.551965
0.539606
0.512072
0.470168
0.415103
0.348457
0.272131
0.188300
0.099347
0.007796
-0.083758
-0.172726
-0.256593
-0.332995
-0.399781
-0.455077
-0.497336
-0.525385
-0.538455
-0.536205
-0.518727
-0.486549
-0.440614
-0.382256
-0.313161
-0.235316
-0.150957
-0.062502
0.027521
0.116538
0.202012
0.281510
0.352771
0.413777
0.462802
0.498470
0.519785
0.526167
0.517463
0.493952
0.456339
0.405732
0.343609
0.271777
0.192318
0.107533
0.019869
-0.068146
-0.153979
-0.235164
-0.309372
-0.374478
-0.428626
-0.470277
-0.498253
-0.511778
-0.510490
-0.494456
-0.464173
-0.420546
-0.364864
-0.298765
-0.224186
-0.143304
-0.058477
0.027825
0.113098
0.194867
0.270767
0.338604
0.396426
0.442571
0.475723
0.494945
0.499708
0.489904
0.465851
0.428281
0.378319
0.317450
0.247476
0.170460
0.088667
0.004500
-0.079575
-0.161097
-0.237687
-0.307112
-0.367353
-0.416667
-0.453630
-0.477186
-0.486674
-0.481846
-0.462878
-0.430357
-0.385271
-0.328975
-0.263151
-0.189759
-0.110978
-0.029141
0.053330
0.134003
0.210500
0.280573
0.342166
0.393480
0.433021
0.459646
0.472599
0.471526
0.456494
0.427979
0.386859
0.334382
0.272132
0.201980
0.126027
0.046544
-0.034098
-0.113499
-0.189301
-0.259254
-0.321291
-0.373583
-0.414593
-0.443128
-0.458365
-0.459881
-0.447665
-0.422115
-0.384026
-0.334567
-0.275245
-0.207860
-0.134448
-0.057221
0.021496
0.099341
0.173981
0.243185
0.304889
0.357260
0.398746
0.428127
0.444552
0.447557
0.437087
0.413488
0.377506
0.330256
0.273190
0.208054
0.136834
0.061696
-0.015082
-0.091175
-0.164285
-0.232209
-0.292906
-0.344555
-0.385617
-0.414875
-0.431472
-0.434937
-0.425200
-0.402589
-0.367826
-0.321996
-0.266522
-0.203115
-0.133725
-0.060478
0.014386
0.088582
0.159851
0.226030
0.285112
0.335315
0.375129
0.403366
0.419195
0.422165
0.412218
0.389694
0.355316
0.310169
0.255663
0.193494
0.125589
0.054046
-0.018930
-0.091094
-0.160234
-0.224233
-0.281137
-0.329216
-0.367016
-0.393401
-0.407590
-0.409178
-0.398154
-0.374890
-0.340138
-0.295003
-0.240907
-0.179545
-0.112834
-0.042851
0.028230
0.098208
0.164919
0.226306
0.280483
0.325792
0.360851
0.384603
0.396343
0.395739
0.382847
0.358102
0.322306
0.276606
0.222451
0.161552
0.095824
0.027329
-0.041789
-0.109374
-0.173321
-0.231645
-0.282542
-0.324443
-0.356066
-0.376451
-0.384993
-0.381461
-0.366000
-0.339131
-0.301727
-0.254994
-0.200424
-0.139753
-0.074903
-0.007923
0.059076
0.123989
0.184781
0.239552
0.286597
0.324458
0.351970
0.368297
0.372960
0.365845
0.347214
0.317689
0.278237
0.230133
0.174926
0.114382
0.050433
-0.014887
-0.079506
-0.141378
-0.198553
-0.249232
-0.291827
-0.325013
-0.347767
-0.359396
-0.359568
-0.348312
-0.326023
-0.293445
-0.251645
-0.201986
-0.146072
-0.085706
-0.022827
0.040553
0.102410
0.160773
0.213790
0.259786
0.297311
0.325194
0.342574
0.348928
0.344089
0.328248
0.301949
0.266068
0.221788
0.170556
0.114041
0.054074
-0.007408
-0.068422
-0.127008
-0.181291
-0.229537
-0.270214
-0.302035
-0.324006
-0.335451
-0.336036
-0.325778
-0.305045
-0.274541
-0.235286
-0.188577
-0.135949
-0.079125
-0.019958
0.039628
0.097703
0.152389
0.201926
0.244725
0.279420
0.304913
0.320407
0.325435
0.319869
0.303925
0.278160
0.243446
0.200943
0.152063
0.098420
0.041781
-0.015997
-0.073026
-0.127447
-0.177492
-0.221542
-0.258179
-0.286230
-0.304810
-0.313344
-0.311588
-0.299637
-0.277918
-0.247179
-0.208460
-0.163059
-0.112491
-0.058434
-0.002677
0.052942
0.106596
0.156526
0.201104
0.238882
0.268641
0.289429
0.300595
0.301806
0.293059
0.274678
0.247307
0.211883
0.169606
0.121898
0.070359
0.016706
-0.037276
-0.089799
-0.139128
-0.183641
-0.221880
-0.252601
-0.274813
-0.287811
-0.291198
-0.284897
-0.269157
-0.244535
-0.211884
-0.172323
-0.127195
-0.078024
-0.026463
0.025758
0.076897
0.125251
0.169217
0.207344
0.238381
0.261320
0.275424
0.280257
0.275693
0.261921
0.239440
0.209037
0.171763
0.128893
0.081889
0.032344
-0.018068
-0.067651
-0.114742
-0.157768
-0.195298
-0.226093
-0.249142
-0.263702
-0.269315
-0.265829
-0.253399
-0.232479
-0.203811
-0.168394
-0.127451
-0.082388
-0.034745
0.013856
0.061768
0.107372
0.149134
0.185655
0.215720
0.238337
0.252769
0.258561
0.255554
0.243885
0.223988
0.196572
0.162603
0.123263
0.079913
0.034045
-0.012767
-0.058926
-0.102861
-0.143083
-0.178237
-0.207145
-0.228847
-0.242632
-0.248064
-0.244994
-0.233563
-0.214198
-0.187597
-0.154702
-0.116667
-0.074817
-0.030604
0.014446
0.058783
0.100889
0.139329
0.172797
0.200166
0.220523
0.233199
0.237790
0.234176
0.222518
0.203254
0.177080
0.144932
0.107944
0.067415
0.024759
-0.018540
-0.060984
-0.101109
-0.137540
-0.169032
-0.194519
-0.213146
-0.224299
-0.227626
-0.223048
-0.210760
-0.191225
-0.165154
-0.133482
-0.097335
-0.057992
-0.016833
0.024701
0.065164
0.103152
0.137354
0.166596
0.189884
0.206434
0.215700
0.217394
0.211493
0.198239
0.178131
0.151904
0.120504
0.085055
0.046816
0.007139
-0.032578
-0.070945
-0.106624
-0.138376
-0.165107
-0.185904
-0.200066
-0.207127
-0.206876
-0.199356
-0.184869
-0.163958
-0.137390
-0.106131
-0.071303
-0.034151
0.004002
0.041807
0.077932
0.111111
0.140187
0.164153
0.182189
0.193688
0.198276
0.195825
0.186459
0.170545
0.148679
0.121668
0.090495
0.056287
0.020273
-0.016258
-0.052008
-0.085710
-0.116177
-0.142344
-0.163302
-0.178333
-0.186932
-0.188828
-0.183989
-0.172622
-0.155167
-0.132280
-0.104805
-0.073747
-0.040236
-0.005481
0.029270
0.062773
0.093837
0.121364
0.144388
0.162109
0.173920
0.179430
0.178476
0.171129
0.157685
0.138662
0.114773
0.086904
0.056077
0.023417
-0.009890
-0.042642
-0.073664
-0.101848
-0.126195
-0.145848
-0.160126
-0.168543
-0.170829
-0.166936
-0.157039
-0.141531
-0.121003
-0.096226
-0.068122
-0.037725
-0.006150
0.025454
0.055941
0.084212
0.109256
0.130182
0.146255
0.156920
0.161822
0.160815
0.153971
0.141572
0.124104
0.102231
0.076775
0.048685
0.019001
-0.011188
-0.040777
-0.068689
-0.093918
-0.115557
-0.132838
-0.145156
-0.152091
-0.153421
-0.149132
-0.139415
-0.124660
-0.105436
-0.082475
-0.056643
-0.028904
-0.000287
0.028152
0.055371
0.080377
0.102265
0.120250
0.133696
0.142136
0.145290
0.143077
0.135610
0.123199
0.106333
0.085660
0.061969
0.036152
0.009176
-0.017955
-0.044238
-0.068707
-0.090469
-0.108736
-0.122856
-0.132332
-0.136843
-0.136255
-0.130623
-0.120188
-0.105369
-0.086746
-0.065033
-0.041058
-0.015727
0.010010
0.035194
0.058891
0.080229
0.098431
0.112839
0.122942
0.128393
0.129019
0.124831
0.116016
0.102936
0.086108
0.066187
0.043937
0.020207
-0.004106
-0.028088
-0.050843
-0.071528
-0.089382
-0.103757
-0.114137
-0.120161
-0.121634
-0.118533
-0.111005
-0.099366
-0.084081
-0.065751
-0.045087
-0.022883
0.000014
0.022737
0.044432
0.064288
0.081570
0.095646
0.106007
0.112289
0.114285
0.111951
0.105407
0.094930
0.080947
0.064011
0.044786
0.024017
0.002501
-0.018941
-0.039497
-0.058393
-0.074926
-0.088486
-0.098580
-0.104852
-0.107091
-0.105245
-0.099413
-0.089848
-0.076944
-0.061215
-0.043284
-0.023850
-0.003666
0.016494
0.035860
0.053699
0.069344
0.082213
0.091836
0.097872
0.100118
0.098518
0.093164
0.084291
0.072266
0.057575
0.040802
0.022607
0.003700
-0.015189
-0.033334
-0.050047
-0.064695
-0.076732
-0.085719
-0.091334
-0.093389
-0.091834
-0.086758
-0.078387
-0.067071
-0.053269
-0.037536
-0.020493
-0.002810
0.014826
0.031733
0.047265
0.060833
0.071930
0.080147
0.085191
0.086894
0.085219
0.080259
0.072236
0.061487
0.048452
0.033657
0.017692
0.001187
-0.015212
-0.030870
-0.045183
-0.057608
-0.067678
-0.075022
-0.079378
-0.080603
-0.078678
-0.073707
-0.065911
-0.055618
-0.043255
-0.029321
-0.014376
0.000987
0.016165
0.030564
0.043631
0.054864
0.063843
0.070236
0.073817
0.074472
0.072204
0.067127
0.059469
0.049554
0.037793
0.024666
0.010701
-0.003545
-0.017509
-0.030644
-0.042442
-0.052450
-0.060293
-0.065682
-0.068430
-0.068453
-0.065778
-0.060536
-0.052961
-0.043375
-0.032175
-0.019822
-0.006814
0.006327
0.019080
0.030944
0.041458
0.050221
0.056901
0.061257
0.063139
0.062498
0.059386
0.053951
0.046434
0.037155
0.026502
0.014911
0.002855
-0.009182
-0.020722
-0.031309
-0.040534
-0.048042
-0.053552
-0.056867
-0.057878
-0.056569
-0.053019
-0.047393
-0.039938
-0.030973
-0.020874
-0.010055
0.001041
0.011967
0.022289
0.031598
0.039534
0.045793
0.050145
0.052434
0.052594
0.050642
0.046681
0.040893
0.033532
0.024911
0.015393
0.005371
-0.004746
-0.014549
-0.023647
-0.031682
-0.038342
-0.043375
-0.046597
-0.047901
-0.047256
-0.044711
-0.040394
-0.034499
-0.027284
-0.019058
-0.010166
-0.000976
0.008137
0.016803
0.024677
0.031451
0.036862
0.040708
0.042854
0.043233
0.041853
0.038791
0.034195
0.028271
0.021276
0.013510
0.005299
-0.003018
-0.011099
-0.018619
-0.025278
-0.030816
-0.035022
-0.037742
-0.038885
-0.038425
-0.036403
-0.032923
-0.028147
-0.022287
-0.015600
-0.008368
-0.000898
0.006503
0.013531
0.019904
0.025369
0.029715
0.032780
0.034455
0.034692
0.033501
0.030952
0.027170
0.022328
0.016641
0.010354
0.003737
-0.002934
-0.009383
-0.015347
-0.020587
-0.024898
-0.028116
-0.030125
-0.030859
-0.030308
-0.028515
-0.025572
-0.021619
-0.016836
-0.011433
-0.005643
0.000286
0.006108
0.011582
0.016487
0.020629
0.023847
0.026023
0.027083
0.027002
0.025802
0.023550
0.020358
0.016374
0.011777
0.006769
0.001566
-0.003612
-0.008550
-0.013046
-0.016919
-0.020020
-0.022230
-0.023474
-0.023717
-0.022965
-0.021268
-0.018714
-0.015424
-0.011549
-0.007263
-0.002752
0.001790
0.006173
0.010215
0.013754
0.016649
0.018791
0.020104
0.020549
0.020123
0.018860
0.016831
0.014133
0.010895
0.007263
0.003398
-0.000533
-0.004362
-0.007931
-0.011093
-0.013723
-0.015720
-0.017014
-0.017564
-0.017361
-0.016429
-0.014824
-0.012626
-0.009942
-0.006896
-0.003623
-0.000268
0.003025
0.006118
0.008883
0.011212
0.013013
0.014222
0.014801
0.014739
0.014053
0.012786
0.011006
0.008799
0.006270
0.003535
0.000713
-0.002071
-0.004701
-0.007067
-0.009075
-0.010648
-0.011727
-0.012281
-0.012297
-0.011788
-0.010788
-0.009354
-0.007556
-0.005482
-0.003228
-0.000894
0.001417
0.003607
0.005583
0.007268
0.008597
0.009521
0.010011
0.010059
0.009674
0.008885
0.007736
0.006288
0.004611
0.002784
0.000891
-0.000986
-0.002766
-0.004373
-0.005745
-0.006828
-0.007584
-0.007990
-0.008039
-0.007740
-0.007116
-0.006205
-0.005054
-0.003723
-0.002273
-0.000772
0.000713
0.002118
0.003384
0.004461
0.005309
0.005898
0.006210
0.006242
0.006003
0.005511
0.004798
0.003902
0.002869
0.001750
0.000596
-0.000541
-0.001611
-0.002570
-0.003380
-0.004012
-0.004443
-0.004664
-0.004672
-0.004476
-0.004092
-0.003546
-0.002867
-0.002092
-0.001258
-0.000406
0.000427
0.001205
0.001895
0.002471
0.002912
0.003204
0.003342
0.003327
0.003166
0.002874
0.002469
0.001976
0.001421
0.000831
0.000235
-0.000340
-0.000869
-0.001332
-0.001710
-0.001992
-0.002170
-0.002241
-0.002209
-0.002080
-0.001867
-0.001584
-0.001247
-0.000876
-0.000489
-0.000105
0.000258
0.000586
0.000865
0.001086
0.001243
0.001333
0.001357
0.001317
0.001221
0.001078
0.000896
0.000689
0.000467
0.000242
0.000025
-0.000174
-0.000347
-0.000489
-0.000595
-0.000664
-0.000695
-0.000691
-0.000655
-0.000592
-0.000508
-0.000409
-0.000302
-0.000194
-0.000089
0.000007
0.000091
0.000158
0.000209
0.000242
0.000258
0.000258
0.000245
0.000221
0.000190
0.000154
0.000116
0.000079
0.000046
0.000016
-0.000007
-0.000024
-0.000035
-0.000040
-0.000040
-0.000037
-0.000032
-0.000025
-0.000018
-0.000012
-0.000007
-0.000003
-0.000001
-0.000000
0.000000
